[Default]
SplitterH.Bottom=1146.659668
ShowFlag3=31
CameraSpeedSetting2=1
PerspectiveCameraRotX0=0.000000
SplitterH.Top=59.659714
PerspectiveCameraRotZ2=1.600000
SplitterV.Left=0.000000
PerspectiveCameraRotZ0=42.000118
SplitterV.Top=1110.863892
SplitterH.Left=1467.096191
ViewMode3=0
SplitterV.Right=1526.000000
CameraSpeedScalar2=1.000000
SplitterV.Bottom=1134.727783
GridSize2=10.000000
SplitterH.Right=1506.365356
PerspectiveCameraRotX2=0.000000
ShowFlag1=31
CameraSpeedSetting0=1
CameraSpeedScalar0=1.000000
GridSize0=10.000000
PerspectiveCameraRotY2=15.900002
PerspectiveCameraLocX0=-31.289114
PerspectiveCameraLocY0=-34.806801
PerspectiveCameraLocZ0=30.016317
PerspectiveCameraLocX2=-42.945827
PerspectiveCameraRotY0=24.300280
PerspectiveCameraRotX3=0.000000
CameraSpeedSetting1=1
ShowFlag0=31
bMutiView=0
ViewMode0=0
ViewportType0=0
CameraSpeedScalar1=1.000000
GridSize1=10.000000
PerspectiveCameraRotY3=27.800005
PerspectiveCameraLocX1=-70.786194
PerspectiveCameraLocY1=-2.444024
PerspectiveCameraLocZ1=61.234325
CameraSpeedSetting3=1
ShowFlag2=31
PerspectiveCameraRotX1=0.000000
PerspectiveCameraLocX3=-84.212738
PerspectiveCameraRotY1=24.300026
PerspectiveCameraRotZ1=8.799998
ViewMode1=0
ViewportType1=0
PerspectiveCameraLocY2=-0.988112
PerspectiveCameraLocZ2=36.087486
ViewMode2=0
ViewportType2=0
CameraSpeedScalar3=1.000000
GridSize3=10.000000
PerspectiveCameraLocY3=-12.008659
PerspectiveCameraLocZ3=71.419785
PerspectiveCameraRotZ3=17.900002
ViewportType3=0
OrthoZoomSize=10.000000
ActiveViewportIndex=0
OrthoPivotX=-0.550000
OrthoPivotY=0.000000
OrthoPivotZ=5.700002

