SplitterH.Bottom=961.000000
ShowFlag3=31
CameraSpeedSetting2=1
PerspectiveCameraRotX0=0.000000
SplitterH.Top=0.000000
PerspectiveCameraRotZ2=0.000000
SplitterV.Left=0.000000
PerspectiveCameraRotZ0=-692.108521
SplitterV.Top=931.000000
SplitterH.Left=954.000000
ViewMode3=0
SplitterV.Right=984.000000
CameraSpeedScalar2=1.000000
SplitterV.Bottom=951.000000
GridSize2=10.000000
SplitterH.Right=974.000000
PerspectiveCameraRotX2=0.000000
ShowFlag1=31
CameraSpeedSetting0=1
CameraSpeedScalar0=5.689906
GridSize0=10.000000
PerspectiveCameraRotY2=0.000000
PerspectiveCameraLocX0=-368.964813
PerspectiveCameraLocY0=-204.960419
PerspectiveCameraLocZ0=87.518097
PerspectiveCameraLocX2=0.000000
PerspectiveCameraRotY0=-0.999755
PerspectiveCameraRotX3=0.000000
CameraSpeedSetting1=1
ShowFlag0=95
bMutiView=0
ViewMode0=2
ViewportType0=0
CameraSpeedScalar1=1.000000
GridSize1=10.000000
PerspectiveCameraRotY3=0.000000
PerspectiveCameraLocX1=0.000000
PerspectiveCameraLocY1=0.000000
PerspectiveCameraLocZ1=0.000000
CameraSpeedSetting3=1
ShowFlag2=31
PerspectiveCameraRotX1=0.000000
PerspectiveCameraLocX3=0.000000
PerspectiveCameraRotY1=0.000000
PerspectiveCameraRotZ1=0.000000
ViewMode1=0
ViewportType1=3
PerspectiveCameraLocY2=0.000000
PerspectiveCameraLocZ2=0.000000
ViewMode2=0
ViewportType2=3
CameraSpeedScalar3=1.000000
GridSize3=10.000000
PerspectiveCameraLocY3=0.000000
PerspectiveCameraLocZ3=0.000000
PerspectiveCameraRotZ3=0.000000
ViewportType3=3
OrthoZoomSize=10.000000
ActiveViewportIndex=0
OrthoPivotX=0.000000
OrthoPivotY=0.000000
OrthoPivotZ=0.000000
