SplitterH.Bottom=961.000000
ShowFlag3=31
CameraSpeedSetting2=1
PerspectiveCameraRotX0=0.000000
SplitterH.Top=0.000000
PerspectiveCameraRotZ2=1.600000
SplitterV.Left=0.000000
PerspectiveCameraRotZ0=-769.593445
SplitterV.Top=752.446167
SplitterH.Left=954.000000
ViewMode3=0
SplitterV.Right=984.000000
CameraSpeedScalar2=1.000000
SplitterV.Bottom=780.680542
GridSize2=10.000000
SplitterH.Right=974.000000
PerspectiveCameraRotX2=0.000000
ShowFlag1=31
CameraSpeedSetting0=1
CameraSpeedScalar0=0.100000
GridSize0=10.000000
PerspectiveCameraRotY2=15.900002
PerspectiveCameraLocX0=-0.710017
PerspectiveCameraLocY0=0.930012
PerspectiveCameraLocZ0=0.125907
PerspectiveCameraLocX2=-42.945827
PerspectiveCameraRotY0=11.000131
PerspectiveCameraRotX3=0.000000
CameraSpeedSetting1=1
ShowFlag0=31
bMutiView=0
ViewMode0=0
ViewportType0=0
CameraSpeedScalar1=1.000000
GridSize1=10.000000
PerspectiveCameraRotY3=27.800005
PerspectiveCameraLocX1=-36.348370
PerspectiveCameraLocY1=-6.172541
PerspectiveCameraLocZ1=51.655514
CameraSpeedSetting3=1
ShowFlag2=31
PerspectiveCameraRotX1=0.000000
PerspectiveCameraLocX3=-84.212738
PerspectiveCameraRotY1=27.300032
PerspectiveCameraRotZ1=41.499996
ViewMode1=0
ViewportType1=0
PerspectiveCameraLocY2=-0.988112
PerspectiveCameraLocZ2=36.087486
ViewMode2=0
ViewportType2=0
CameraSpeedScalar3=1.000000
GridSize3=10.000000
PerspectiveCameraLocY3=-12.008659
PerspectiveCameraLocZ3=71.419785
PerspectiveCameraRotZ3=17.900002
ViewportType3=0
OrthoZoomSize=10.000000
ActiveViewportIndex=0
OrthoPivotX=-0.550000
OrthoPivotY=0.000000
OrthoPivotZ=5.700002
